{
 "cells": [
  {
   "cell_type": "code",
   "execution_count": 2,
   "id": "04f861e2",
   "metadata": {},
   "outputs": [],
   "source": [
    "import pandas as pd\n",
    "import numpy as np\n",
    "import matplotlib.pyplot as plt\n",
    "import seaborn as sns\n",
    "from qmplot import manhattanplot\n",
    "import re\n",
    "from numpy.linalg import inv\n",
    "from pathlib import Path \n",
    "from scipy.stats import chisquare\n",
    "import scipy.stats as stats  "
   ]
  },
  {
   "cell_type": "code",
   "execution_count": 3,
   "id": "6fefc673",
   "metadata": {},
   "outputs": [],
   "source": [
    "df_candidate = pd.read_table(\"../output_csv/df_candidate.csv\", low_memory=False, sep=\";\")"
   ]
  },
  {
   "cell_type": "code",
   "execution_count": 4,
   "id": "0080f06b",
   "metadata": {},
   "outputs": [
    {
     "data": {
      "text/html": [
       "<div>\n",
       "<style scoped>\n",
       "    .dataframe tbody tr th:only-of-type {\n",
       "        vertical-align: middle;\n",
       "    }\n",
       "\n",
       "    .dataframe tbody tr th {\n",
       "        vertical-align: top;\n",
       "    }\n",
       "\n",
       "    .dataframe thead th {\n",
       "        text-align: right;\n",
       "    }\n",
       "</style>\n",
       "<table border=\"1\" class=\"dataframe\">\n",
       "  <thead>\n",
       "    <tr style=\"text-align: right;\">\n",
       "      <th></th>\n",
       "      <th>chromosome</th>\n",
       "      <th>base_pair_location</th>\n",
       "      <th>effect_allele</th>\n",
       "      <th>other_allele</th>\n",
       "      <th>fi_z</th>\n",
       "      <th>fg_z</th>\n",
       "      <th>hba1c_z</th>\n",
       "      <th>t2d_z</th>\n",
       "      <th>bmi_z</th>\n",
       "      <th>gcn_z</th>\n",
       "    </tr>\n",
       "  </thead>\n",
       "  <tbody>\n",
       "    <tr>\n",
       "      <th>0</th>\n",
       "      <td>1</td>\n",
       "      <td>693731</td>\n",
       "      <td>A</td>\n",
       "      <td>G</td>\n",
       "      <td>0.393443</td>\n",
       "      <td>-1.322034</td>\n",
       "      <td>-0.129630</td>\n",
       "      <td>0.369748</td>\n",
       "      <td>-0.193548</td>\n",
       "      <td>-0.223242</td>\n",
       "    </tr>\n",
       "    <tr>\n",
       "      <th>1</th>\n",
       "      <td>1</td>\n",
       "      <td>180518603</td>\n",
       "      <td>T</td>\n",
       "      <td>C</td>\n",
       "      <td>-0.340426</td>\n",
       "      <td>1.219512</td>\n",
       "      <td>1.566667</td>\n",
       "      <td>0.388489</td>\n",
       "      <td>-0.390244</td>\n",
       "      <td>-1.887906</td>\n",
       "    </tr>\n",
       "    <tr>\n",
       "      <th>2</th>\n",
       "      <td>1</td>\n",
       "      <td>180518806</td>\n",
       "      <td>A</td>\n",
       "      <td>C</td>\n",
       "      <td>-0.097561</td>\n",
       "      <td>-0.297297</td>\n",
       "      <td>0.444444</td>\n",
       "      <td>-1.069231</td>\n",
       "      <td>0.780488</td>\n",
       "      <td>0.098940</td>\n",
       "    </tr>\n",
       "    <tr>\n",
       "      <th>3</th>\n",
       "      <td>1</td>\n",
       "      <td>180519091</td>\n",
       "      <td>T</td>\n",
       "      <td>G</td>\n",
       "      <td>0.666667</td>\n",
       "      <td>-0.086957</td>\n",
       "      <td>-0.705882</td>\n",
       "      <td>-1.675000</td>\n",
       "      <td>-1.875000</td>\n",
       "      <td>-1.523077</td>\n",
       "    </tr>\n",
       "    <tr>\n",
       "      <th>4</th>\n",
       "      <td>1</td>\n",
       "      <td>180519109</td>\n",
       "      <td>T</td>\n",
       "      <td>C</td>\n",
       "      <td>-0.877551</td>\n",
       "      <td>-0.046512</td>\n",
       "      <td>-2.000000</td>\n",
       "      <td>0.022222</td>\n",
       "      <td>-1.076923</td>\n",
       "      <td>-0.805471</td>\n",
       "    </tr>\n",
       "    <tr>\n",
       "      <th>...</th>\n",
       "      <td>...</td>\n",
       "      <td>...</td>\n",
       "      <td>...</td>\n",
       "      <td>...</td>\n",
       "      <td>...</td>\n",
       "      <td>...</td>\n",
       "      <td>...</td>\n",
       "      <td>...</td>\n",
       "      <td>...</td>\n",
       "      <td>...</td>\n",
       "    </tr>\n",
       "    <tr>\n",
       "      <th>44245761</th>\n",
       "      <td>24</td>\n",
       "      <td>1832945</td>\n",
       "      <td>A</td>\n",
       "      <td>G</td>\n",
       "      <td>NaN</td>\n",
       "      <td>NaN</td>\n",
       "      <td>-0.632013</td>\n",
       "      <td>NaN</td>\n",
       "      <td>NaN</td>\n",
       "      <td>NaN</td>\n",
       "    </tr>\n",
       "    <tr>\n",
       "      <th>44245762</th>\n",
       "      <td>24</td>\n",
       "      <td>1832475</td>\n",
       "      <td>T</td>\n",
       "      <td>C</td>\n",
       "      <td>NaN</td>\n",
       "      <td>NaN</td>\n",
       "      <td>0.172690</td>\n",
       "      <td>NaN</td>\n",
       "      <td>NaN</td>\n",
       "      <td>NaN</td>\n",
       "    </tr>\n",
       "    <tr>\n",
       "      <th>44245763</th>\n",
       "      <td>25</td>\n",
       "      <td>13276</td>\n",
       "      <td>T</td>\n",
       "      <td>C</td>\n",
       "      <td>NaN</td>\n",
       "      <td>NaN</td>\n",
       "      <td>NaN</td>\n",
       "      <td>NaN</td>\n",
       "      <td>-1.918919</td>\n",
       "      <td>NaN</td>\n",
       "    </tr>\n",
       "    <tr>\n",
       "      <th>44245764</th>\n",
       "      <td>26</td>\n",
       "      <td>24385419</td>\n",
       "      <td>A</td>\n",
       "      <td>G</td>\n",
       "      <td>NaN</td>\n",
       "      <td>NaN</td>\n",
       "      <td>NaN</td>\n",
       "      <td>NaN</td>\n",
       "      <td>0.289474</td>\n",
       "      <td>NaN</td>\n",
       "    </tr>\n",
       "    <tr>\n",
       "      <th>44245765</th>\n",
       "      <td>26</td>\n",
       "      <td>18101521</td>\n",
       "      <td>A</td>\n",
       "      <td>T</td>\n",
       "      <td>NaN</td>\n",
       "      <td>NaN</td>\n",
       "      <td>NaN</td>\n",
       "      <td>NaN</td>\n",
       "      <td>-1.125000</td>\n",
       "      <td>NaN</td>\n",
       "    </tr>\n",
       "  </tbody>\n",
       "</table>\n",
       "<p>44245766 rows × 10 columns</p>\n",
       "</div>"
      ],
      "text/plain": [
       "          chromosome  base_pair_location effect_allele other_allele      fi_z  \\\n",
       "0                  1              693731             A            G  0.393443   \n",
       "1                  1           180518603             T            C -0.340426   \n",
       "2                  1           180518806             A            C -0.097561   \n",
       "3                  1           180519091             T            G  0.666667   \n",
       "4                  1           180519109             T            C -0.877551   \n",
       "...              ...                 ...           ...          ...       ...   \n",
       "44245761          24             1832945             A            G       NaN   \n",
       "44245762          24             1832475             T            C       NaN   \n",
       "44245763          25               13276             T            C       NaN   \n",
       "44245764          26            24385419             A            G       NaN   \n",
       "44245765          26            18101521             A            T       NaN   \n",
       "\n",
       "              fg_z   hba1c_z     t2d_z     bmi_z     gcn_z  \n",
       "0        -1.322034 -0.129630  0.369748 -0.193548 -0.223242  \n",
       "1         1.219512  1.566667  0.388489 -0.390244 -1.887906  \n",
       "2        -0.297297  0.444444 -1.069231  0.780488  0.098940  \n",
       "3        -0.086957 -0.705882 -1.675000 -1.875000 -1.523077  \n",
       "4        -0.046512 -2.000000  0.022222 -1.076923 -0.805471  \n",
       "...            ...       ...       ...       ...       ...  \n",
       "44245761       NaN -0.632013       NaN       NaN       NaN  \n",
       "44245762       NaN  0.172690       NaN       NaN       NaN  \n",
       "44245763       NaN       NaN       NaN -1.918919       NaN  \n",
       "44245764       NaN       NaN       NaN  0.289474       NaN  \n",
       "44245765       NaN       NaN       NaN -1.125000       NaN  \n",
       "\n",
       "[44245766 rows x 10 columns]"
      ]
     },
     "execution_count": 4,
     "metadata": {},
     "output_type": "execute_result"
    }
   ],
   "source": [
    "df_candidate"
   ]
  },
  {
   "cell_type": "code",
   "execution_count": 5,
   "id": "84c9d6c1",
   "metadata": {},
   "outputs": [],
   "source": [
    "z = df_candidate[['fi_z', 'fg_z', 'hba1c_z', 't2d_z', 'bmi_z', 'gcn_z']].to_numpy()"
   ]
  },
  {
   "cell_type": "code",
   "execution_count": 6,
   "id": "88bb93fc",
   "metadata": {},
   "outputs": [
    {
     "data": {
      "text/plain": [
       "array([[ 0.39344262, -1.3220339 , -0.12962963,  0.3697479 , -0.19354839,\n",
       "        -0.22324159],\n",
       "       [-0.34042553,  1.2195122 ,  1.56666667,  0.38848921, -0.3902439 ,\n",
       "        -1.8879056 ],\n",
       "       [-0.09756098, -0.2972973 ,  0.44444444, -1.06923077,  0.7804878 ,\n",
       "         0.09893993],\n",
       "       ...,\n",
       "       [        nan,         nan,         nan,         nan, -1.91891892,\n",
       "                nan],\n",
       "       [        nan,         nan,         nan,         nan,  0.28947368,\n",
       "                nan],\n",
       "       [        nan,         nan,         nan,         nan, -1.125     ,\n",
       "                nan]])"
      ]
     },
     "execution_count": 6,
     "metadata": {},
     "output_type": "execute_result"
    }
   ],
   "source": [
    "z"
   ]
  },
  {
   "cell_type": "code",
   "execution_count": 6,
   "id": "3c3e9ee0",
   "metadata": {},
   "outputs": [
    {
     "data": {
      "text/plain": [
       "(44245766, 6)"
      ]
     },
     "execution_count": 6,
     "metadata": {},
     "output_type": "execute_result"
    }
   ],
   "source": [
    "z.shape"
   ]
  },
  {
   "cell_type": "code",
   "execution_count": 7,
   "id": "6871e92c",
   "metadata": {},
   "outputs": [],
   "source": [
    "correlation = np.loadtxt('correlation.txt', usecols=range(6))"
   ]
  },
  {
   "cell_type": "code",
   "execution_count": 8,
   "id": "dba8264b",
   "metadata": {},
   "outputs": [
    {
     "data": {
      "text/plain": [
       "array([[ 1.        ,  0.19626832,  0.04210314,  0.06468955, -0.02090571,\n",
       "         0.01468997],\n",
       "       [ 0.19626832,  1.        ,  0.12033641,  0.11429107, -0.01053008,\n",
       "        -0.00171142],\n",
       "       [ 0.04210314,  0.12033641,  1.        ,  0.11435733,  0.03385854,\n",
       "         0.0039523 ],\n",
       "       [ 0.06468955,  0.11429107,  0.11435733,  1.        ,  0.30049848,\n",
       "         0.01082679],\n",
       "       [-0.02090571, -0.01053008,  0.03385854,  0.30049848,  1.        ,\n",
       "         0.01309615],\n",
       "       [ 0.01468997, -0.00171142,  0.0039523 ,  0.01082679,  0.01309615,\n",
       "         1.        ]])"
      ]
     },
     "execution_count": 8,
     "metadata": {},
     "output_type": "execute_result"
    }
   ],
   "source": [
    "correlation"
   ]
  },
  {
   "cell_type": "code",
   "execution_count": 9,
   "id": "0030b9a3",
   "metadata": {},
   "outputs": [],
   "source": [
    "fg_n = 200622\n",
    "fi_n = 151013\n",
    "hba1c_n = 146806\n",
    "bmi_n = 806834\n",
    "t2d_n = 492191\n",
    "gcn_n = 8421\n",
    "\n",
    "w_i = [fi_n, fg_n, hba1c_n, t2d_n, bmi_n, gcn_n]\n",
    "\n",
    "sum_wi = np.sqrt(np.sum(np.square(w_i)))"
   ]
  },
  {
   "cell_type": "code",
   "execution_count": 10,
   "id": "0ea5ad48",
   "metadata": {},
   "outputs": [],
   "source": [
    "w = w_i/sum_wi"
   ]
  },
  {
   "cell_type": "code",
   "execution_count": 11,
   "id": "75ab5e71",
   "metadata": {},
   "outputs": [
    {
     "data": {
      "text/plain": [
       "array([0.15270908, 0.20287526, 0.14845483, 0.49771898, 0.81589585,\n",
       "       0.00851558])"
      ]
     },
     "execution_count": 11,
     "metadata": {},
     "output_type": "execute_result"
    }
   ],
   "source": [
    "w"
   ]
  },
  {
   "cell_type": "code",
   "execution_count": 12,
   "id": "61dd9063",
   "metadata": {},
   "outputs": [],
   "source": [
    "sign_t = np.sign(z)"
   ]
  },
  {
   "cell_type": "code",
   "execution_count": 24,
   "id": "d421b11a",
   "metadata": {},
   "outputs": [
    {
     "data": {
      "text/plain": [
       "array([[ 1., -1., -1.,  1., -1., -1.],\n",
       "       [-1.,  1.,  1.,  1., -1., -1.],\n",
       "       [-1., -1.,  1., -1.,  1.,  1.],\n",
       "       ...,\n",
       "       [ 0.,  0.,  0.,  0., -1.,  0.],\n",
       "       [ 0.,  0.,  0.,  0.,  1.,  0.],\n",
       "       [ 0.,  0.,  0.,  0., -1.,  0.]])"
      ]
     },
     "execution_count": 24,
     "metadata": {},
     "output_type": "execute_result"
    }
   ],
   "source": [
    "sign_t = np.nan_to_num(sign_t)\n",
    "sign_t"
   ]
  },
  {
   "cell_type": "code",
   "execution_count": 25,
   "id": "9ca5c8bb",
   "metadata": {},
   "outputs": [],
   "source": [
    "w_s = w * sign_t"
   ]
  },
  {
   "cell_type": "code",
   "execution_count": 26,
   "id": "01548652",
   "metadata": {},
   "outputs": [
    {
     "data": {
      "text/plain": [
       "array([[ 0.15270908, -0.20287526, -0.14845483,  0.49771898, -0.81589585,\n",
       "        -0.00851558],\n",
       "       [-0.15270908,  0.20287526,  0.14845483,  0.49771898, -0.81589585,\n",
       "        -0.00851558],\n",
       "       [-0.15270908, -0.20287526,  0.14845483, -0.49771898,  0.81589585,\n",
       "         0.00851558],\n",
       "       ...,\n",
       "       [ 0.        ,  0.        ,  0.        ,  0.        , -0.81589585,\n",
       "         0.        ],\n",
       "       [ 0.        ,  0.        ,  0.        ,  0.        ,  0.81589585,\n",
       "         0.        ],\n",
       "       [ 0.        ,  0.        ,  0.        ,  0.        , -0.81589585,\n",
       "         0.        ]])"
      ]
     },
     "execution_count": 26,
     "metadata": {},
     "output_type": "execute_result"
    }
   ],
   "source": [
    "w_s"
   ]
  },
  {
   "cell_type": "code",
   "execution_count": 27,
   "id": "06f712a0",
   "metadata": {},
   "outputs": [
    {
     "data": {
      "text/plain": [
       "array([ 0.15270908, -0.20287526, -0.14845483,  0.49771898, -0.81589585,\n",
       "       -0.00851558])"
      ]
     },
     "execution_count": 27,
     "metadata": {},
     "output_type": "execute_result"
    }
   ],
   "source": [
    "w_s[0]"
   ]
  },
  {
   "cell_type": "code",
   "execution_count": 28,
   "id": "332b6bfe",
   "metadata": {},
   "outputs": [
    {
     "data": {
      "text/plain": [
       "array([[ 1.        ,  0.19626832,  0.04210314,  0.06468955, -0.02090571,\n",
       "         0.01468997],\n",
       "       [ 0.19626832,  1.        ,  0.12033641,  0.11429107, -0.01053008,\n",
       "        -0.00171142],\n",
       "       [ 0.04210314,  0.12033641,  1.        ,  0.11435733,  0.03385854,\n",
       "         0.0039523 ],\n",
       "       [ 0.06468955,  0.11429107,  0.11435733,  1.        ,  0.30049848,\n",
       "         0.01082679],\n",
       "       [-0.02090571, -0.01053008,  0.03385854,  0.30049848,  1.        ,\n",
       "         0.01309615],\n",
       "       [ 0.01468997, -0.00171142,  0.0039523 ,  0.01082679,  0.01309615,\n",
       "         1.        ]])"
      ]
     },
     "execution_count": 28,
     "metadata": {},
     "output_type": "execute_result"
    }
   ],
   "source": [
    "correlation"
   ]
  },
  {
   "cell_type": "code",
   "execution_count": 29,
   "id": "a910ff2e",
   "metadata": {},
   "outputs": [
    {
     "data": {
      "text/plain": [
       "array([[ 1.04370282, -0.19645172, -0.01528876, -0.05419297,  0.03675627,\n",
       "        -0.01550238],\n",
       "       [-0.19645172,  1.06465972, -0.10880064, -0.10971955,  0.04368303,\n",
       "         0.00575379],\n",
       "       [-0.01528876, -0.10880064,  1.02561883, -0.10219636, -0.00544424,\n",
       "        -0.00283741],\n",
       "       [-0.05419297, -0.10971955, -0.10219636,  1.12941239, -0.3381259 ,\n",
       "        -0.00678753],\n",
       "       [ 0.03675627,  0.04368303, -0.00544424, -0.3381259 ,  1.10316613,\n",
       "        -0.01123009],\n",
       "       [-0.01550238,  0.00575379, -0.00283741, -0.00678753, -0.01123009,\n",
       "         1.00046935]])"
      ]
     },
     "execution_count": 29,
     "metadata": {},
     "output_type": "execute_result"
    }
   ],
   "source": [
    "inv(correlation)"
   ]
  },
  {
   "cell_type": "code",
   "execution_count": 30,
   "id": "b7e1d189",
   "metadata": {},
   "outputs": [],
   "source": [
    "sig = np.linalg.pinv(correlation)"
   ]
  },
  {
   "cell_type": "code",
   "execution_count": 31,
   "id": "878fdb8e",
   "metadata": {},
   "outputs": [
    {
     "data": {
      "text/plain": [
       "array([[ 1.04370282, -0.19645172, -0.01528876, -0.05419297,  0.03675627,\n",
       "        -0.01550238],\n",
       "       [-0.19645172,  1.06465972, -0.10880064, -0.10971955,  0.04368303,\n",
       "         0.00575379],\n",
       "       [-0.01528876, -0.10880064,  1.02561883, -0.10219636, -0.00544424,\n",
       "        -0.00283741],\n",
       "       [-0.05419297, -0.10971955, -0.10219636,  1.12941239, -0.3381259 ,\n",
       "        -0.00678753],\n",
       "       [ 0.03675627,  0.04368303, -0.00544424, -0.3381259 ,  1.10316613,\n",
       "        -0.01123009],\n",
       "       [-0.01550238,  0.00575379, -0.00283741, -0.00678753, -0.01123009,\n",
       "         1.00046935]])"
      ]
     },
     "execution_count": 31,
     "metadata": {},
     "output_type": "execute_result"
    }
   ],
   "source": [
    "sig"
   ]
  },
  {
   "cell_type": "code",
   "execution_count": 32,
   "id": "aefc566c",
   "metadata": {},
   "outputs": [],
   "source": [
    "z = np.nan_to_num(z)"
   ]
  },
  {
   "cell_type": "code",
   "execution_count": 33,
   "id": "011678f4",
   "metadata": {},
   "outputs": [
    {
     "data": {
      "text/plain": [
       "array([[ 0.39344262, -1.3220339 , -0.12962963,  0.3697479 , -0.19354839,\n",
       "        -0.22324159],\n",
       "       [-0.34042553,  1.2195122 ,  1.56666667,  0.38848921, -0.3902439 ,\n",
       "        -1.8879056 ],\n",
       "       [-0.09756098, -0.2972973 ,  0.44444444, -1.06923077,  0.7804878 ,\n",
       "         0.09893993],\n",
       "       ...,\n",
       "       [ 0.        ,  0.        ,  0.        ,  0.        , -1.91891892,\n",
       "         0.        ],\n",
       "       [ 0.        ,  0.        ,  0.        ,  0.        ,  0.28947368,\n",
       "         0.        ],\n",
       "       [ 0.        ,  0.        ,  0.        ,  0.        , -1.125     ,\n",
       "         0.        ]])"
      ]
     },
     "execution_count": 33,
     "metadata": {},
     "output_type": "execute_result"
    }
   ],
   "source": [
    "z"
   ]
  },
  {
   "cell_type": "code",
   "execution_count": 34,
   "id": "5adc2725",
   "metadata": {},
   "outputs": [
    {
     "data": {
      "text/plain": [
       "array([[0.15270908, 0.20287526, 0.14845483, 0.49771898, 0.81589585,\n",
       "        0.00851558]])"
      ]
     },
     "execution_count": 34,
     "metadata": {},
     "output_type": "execute_result"
    }
   ],
   "source": [
    "w = w.reshape(1,6)\n",
    "w"
   ]
  },
  {
   "cell_type": "code",
   "execution_count": 35,
   "id": "65ec8ef4",
   "metadata": {},
   "outputs": [
    {
     "data": {
      "text/plain": [
       "(44245766, 6)"
      ]
     },
     "execution_count": 35,
     "metadata": {},
     "output_type": "execute_result"
    }
   ],
   "source": [
    "z.shape"
   ]
  },
  {
   "cell_type": "code",
   "execution_count": 36,
   "id": "2e1a5876",
   "metadata": {},
   "outputs": [
    {
     "name": "stdout",
     "output_type": "stream",
     "text": [
      "----- 1000000  iterations -------\n",
      "----- 2000000  iterations -------\n",
      "----- 3000000  iterations -------\n",
      "----- 4000000  iterations -------\n",
      "----- 5000000  iterations -------\n",
      "----- 6000000  iterations -------\n",
      "----- 7000000  iterations -------\n",
      "----- 8000000  iterations -------\n",
      "----- 9000000  iterations -------\n",
      "----- 10000000  iterations -------\n",
      "----- 11000000  iterations -------\n",
      "----- 12000000  iterations -------\n",
      "----- 13000000  iterations -------\n",
      "----- 14000000  iterations -------\n",
      "----- 15000000  iterations -------\n",
      "----- 16000000  iterations -------\n",
      "----- 17000000  iterations -------\n",
      "----- 18000000  iterations -------\n",
      "----- 19000000  iterations -------\n",
      "----- 20000000  iterations -------\n",
      "----- 21000000  iterations -------\n",
      "----- 22000000  iterations -------\n",
      "----- 23000000  iterations -------\n",
      "----- 24000000  iterations -------\n",
      "----- 25000000  iterations -------\n",
      "----- 26000000  iterations -------\n",
      "----- 27000000  iterations -------\n",
      "----- 28000000  iterations -------\n",
      "----- 29000000  iterations -------\n",
      "----- 30000000  iterations -------\n",
      "----- 31000000  iterations -------\n",
      "----- 32000000  iterations -------\n",
      "----- 33000000  iterations -------\n",
      "----- 34000000  iterations -------\n",
      "----- 35000000  iterations -------\n",
      "----- 36000000  iterations -------\n",
      "----- 37000000  iterations -------\n",
      "----- 38000000  iterations -------\n",
      "----- 39000000  iterations -------\n",
      "----- 40000000  iterations -------\n",
      "----- 41000000  iterations -------\n",
      "----- 42000000  iterations -------\n",
      "----- 43000000  iterations -------\n",
      "----- 44000000  iterations -------\n"
     ]
    }
   ],
   "source": [
    "sHom_scores = []\n",
    "count = 1\n",
    "sig = inv(correlation)\n",
    "for i in range(z.shape[0]):\n",
    "    k = np.matmul(np.matmul(w, sig), np.asmatrix(z[i]).T)\n",
    "    p = np.matmul(np.matmul(w, sig), np.asmatrix(w).T)\n",
    "    s = (k*k)/p\n",
    "    score = np.asarray(s).flatten()[0]\n",
    "    sHom_scores.append(score)\n",
    "    if count % 1000000 == 0:\n",
    "        print(\"-----\", count, \" iterations -------\")\n",
    "    count+= 1"
   ]
  },
  {
   "cell_type": "code",
   "execution_count": 37,
   "id": "f9567b8d",
   "metadata": {},
   "outputs": [],
   "source": [
    "np.savetxt('sHom_scores.txt', sHom_scores)"
   ]
  },
  {
   "cell_type": "code",
   "execution_count": 8,
   "id": "69147266",
   "metadata": {},
   "outputs": [
    {
     "name": "stdout",
     "output_type": "stream",
     "text": [
      "------ 0 ----------\n",
      "------ 1000000 ----------\n",
      "------ 2000000 ----------\n",
      "------ 3000000 ----------\n",
      "------ 4000000 ----------\n",
      "------ 5000000 ----------\n",
      "------ 6000000 ----------\n",
      "------ 7000000 ----------\n",
      "------ 8000000 ----------\n",
      "------ 9000000 ----------\n",
      "------ 10000000 ----------\n",
      "------ 11000000 ----------\n",
      "------ 12000000 ----------\n",
      "------ 13000000 ----------\n",
      "------ 14000000 ----------\n",
      "------ 15000000 ----------\n",
      "------ 16000000 ----------\n",
      "------ 17000000 ----------\n",
      "------ 18000000 ----------\n",
      "------ 19000000 ----------\n",
      "------ 20000000 ----------\n",
      "------ 21000000 ----------\n",
      "------ 22000000 ----------\n",
      "------ 23000000 ----------\n",
      "------ 24000000 ----------\n",
      "------ 25000000 ----------\n",
      "------ 26000000 ----------\n",
      "------ 27000000 ----------\n",
      "------ 28000000 ----------\n",
      "------ 29000000 ----------\n",
      "------ 30000000 ----------\n",
      "------ 31000000 ----------\n",
      "------ 32000000 ----------\n",
      "------ 33000000 ----------\n",
      "------ 34000000 ----------\n",
      "------ 35000000 ----------\n",
      "------ 36000000 ----------\n",
      "------ 37000000 ----------\n",
      "------ 38000000 ----------\n",
      "------ 39000000 ----------\n",
      "------ 40000000 ----------\n",
      "------ 41000000 ----------\n",
      "------ 42000000 ----------\n",
      "------ 43000000 ----------\n",
      "------ 44000000 ----------\n"
     ]
    }
   ],
   "source": [
    "sHom_scores = np.loadtxt('sHom_scores.txt', usecols=range(1))\n",
    "from scipy.stats import chisquare\n",
    "from rpy2.robjects import r, pandas2ri\n",
    "\n",
    "pandas2ri.activate()\n",
    "p_values = []\n",
    "count = 0\n",
    "for s in sHom_scores:\n",
    "    if(count %1000000 == 0):\n",
    "        print(\"------\", count, \"----------\")\n",
    "    p = np.exp(np.longdouble(r.pchisq(s,1, lower_tail=False, log_p=True)[0]))\n",
    "    p_values.append(p)\n",
    "    #6 degree of freedom\n",
    "    #p_value = stats.chi2.cdf(scores, 6)\n",
    "    #p_values.append(p_value) \n",
    "    count += 1"
   ]
  },
  {
   "cell_type": "code",
   "execution_count": 9,
   "id": "3d11ee63",
   "metadata": {},
   "outputs": [],
   "source": [
    "np.savetxt('sHom_p.txt', p_values)"
   ]
  },
  {
   "cell_type": "code",
   "execution_count": null,
   "id": "f795cf12",
   "metadata": {},
   "outputs": [],
   "source": [
    "p_values"
   ]
  },
  {
   "cell_type": "code",
   "execution_count": 38,
   "id": "697a1dd6",
   "metadata": {},
   "outputs": [
    {
     "name": "stdout",
     "output_type": "stream",
     "text": [
      "----- 0  iterations -------\n"
     ]
    },
    {
     "name": "stderr",
     "output_type": "stream",
     "text": [
      "/var/folders/wk/3fc1mkfn61g_f37vy1wk0xfc0000gn/T/ipykernel_2808/260651354.py:29: RuntimeWarning: invalid value encountered in divide\n",
      "  s = (k * k)/p\n"
     ]
    },
    {
     "name": "stdout",
     "output_type": "stream",
     "text": [
      "----- 1000000  iterations -------\n",
      "----- 2000000  iterations -------\n",
      "----- 3000000  iterations -------\n",
      "----- 4000000  iterations -------\n",
      "----- 5000000  iterations -------\n",
      "----- 6000000  iterations -------\n",
      "----- 7000000  iterations -------\n",
      "----- 8000000  iterations -------\n",
      "----- 9000000  iterations -------\n",
      "----- 10000000  iterations -------\n",
      "----- 11000000  iterations -------\n",
      "----- 12000000  iterations -------\n",
      "----- 13000000  iterations -------\n",
      "----- 14000000  iterations -------\n",
      "----- 15000000  iterations -------\n",
      "----- 16000000  iterations -------\n",
      "----- 17000000  iterations -------\n",
      "----- 18000000  iterations -------\n",
      "----- 19000000  iterations -------\n",
      "----- 20000000  iterations -------\n",
      "----- 21000000  iterations -------\n",
      "----- 22000000  iterations -------\n",
      "----- 23000000  iterations -------\n",
      "----- 24000000  iterations -------\n",
      "----- 25000000  iterations -------\n",
      "----- 26000000  iterations -------\n",
      "----- 27000000  iterations -------\n",
      "----- 28000000  iterations -------\n",
      "----- 29000000  iterations -------\n",
      "----- 30000000  iterations -------\n",
      "----- 31000000  iterations -------\n",
      "----- 32000000  iterations -------\n",
      "----- 33000000  iterations -------\n",
      "----- 34000000  iterations -------\n",
      "----- 35000000  iterations -------\n",
      "----- 36000000  iterations -------\n",
      "----- 37000000  iterations -------\n",
      "----- 38000000  iterations -------\n",
      "----- 39000000  iterations -------\n",
      "----- 40000000  iterations -------\n",
      "----- 41000000  iterations -------\n",
      "----- 42000000  iterations -------\n",
      "----- 43000000  iterations -------\n",
      "----- 44000000  iterations -------\n"
     ]
    }
   ],
   "source": [
    "from scipy.stats import chi2\n",
    "count = 0\n",
    "sHet_scores = []\n",
    "cut_off = 0\n",
    "for i in range(z.shape[0]): \n",
    "    T = -1\n",
    "    true_list, = np.where(np.abs(z[i]) > cut_off)\n",
    "    w_i = w\n",
    "    t = z[i]\n",
    "    cor_i = np.asarray(correlation)\n",
    "    index = -1\n",
    "    snp_size = z.shape[1]\n",
    "    for j in range(z.shape[1]):\n",
    "        index += 1\n",
    "        if j not in true_list:\n",
    "            cor_i = np.delete(cor_i, index, 1)\n",
    "            cor_i = np.delete(cor_i, index, 0)\n",
    "            w_i = np.delete(w_i, index)\n",
    "            snp_size -= 1\n",
    "            w_i = w_i.reshape(1, snp_size)\n",
    "            t = np.delete(t, index)\n",
    "            index -= 1\n",
    "        else:\n",
    "            if(t[index] < 0):\n",
    "                w_i[0][index] = - w_i[0][index]\n",
    "    sig_i = np.linalg.pinv(cor_i) \n",
    "    k = np.matmul(np.matmul(w_i, sig_i),np.asmatrix(t).T)\n",
    "    p = np.matmul(np.matmul(w_i, sig_i),np.asmatrix(w_i).T)\n",
    "    s = (k * k)/p\n",
    "    score = s.flatten().tolist()[0][0]\n",
    "    if(score > T):\n",
    "        sHet_scores.append(score)\n",
    "    else:\n",
    "        sHet_scores.append(T)\n",
    "    if count % 1000000 == 0:\n",
    "        print(\"-----\", count, \" iterations -------\")\n",
    "    count+= 1"
   ]
  },
  {
   "cell_type": "code",
   "execution_count": 39,
   "id": "e60b5ed7",
   "metadata": {},
   "outputs": [
    {
     "data": {
      "text/plain": [
       "[0.7514053279405851,\n",
       " 0.4683617985219453,\n",
       " 1.8007182872494896,\n",
       " 0.3052648996498685,\n",
       " 0.03465283135803519,\n",
       " 0.4458078646760958,\n",
       " 2.63108855297614,\n",
       " 3.7314985842389423,\n",
       " 0.18602903307935936,\n",
       " 3.3721057451991867,\n",
       " 0.39367928646567446,\n",
       " 0.1964505504799756,\n",
       " 0.8490851765320969,\n",
       " 0.895655027759565,\n",
       " 0.3619585023891917,\n",
       " 5.727060756414454,\n",
       " 8.141301340659027,\n",
       " 5.2985701990115,\n",
       " 0.24250829790949846,\n",
       " 3.685665355545387,\n",
       " 4.853501793977562,\n",
       " 0.8294374866150331,\n",
       " 0.17592990038087603,\n",
       " 9.59351797954059,\n",
       " 4.124413113107171,\n",
       " 2.1709525729522774,\n",
       " 0.015025963207175681,\n",
       " 5.4864344332519925,\n",
       " 1.1642262560828038,\n",
       " 0.015795518254620604,\n",
       " 0.01399895344576983,\n",
       " 0.007688239458212806,\n",
       " 0.34801538957138844,\n",
       " 2.397072683666996,\n",
       " 0.00773483633494048,\n",
       " 1.5352242300442673,\n",
       " 0.004336900141529629,\n",
       " 3.3797638715279166,\n",
       " 0.6301343986420664,\n",
       " 2.05230285110286,\n",
       " 0.23180155275356612,\n",
       " 0.00011241505690349968,\n",
       " 3.027075377779845,\n",
       " 0.23238106379026952,\n",
       " 0.08350696847902211,\n",
       " 3.998389692414766,\n",
       " 1.0838218669919042,\n",
       " 2.201140003611055,\n",
       " 1.2960047782519106,\n",
       " 1.326294975395548,\n",
       " 0.18016801116610653,\n",
       " 0.8125321834607122,\n",
       " 1.4031048214266686,\n",
       " 0.0020216621987043984,\n",
       " 0.1723248848654421,\n",
       " 0.2352475351522849,\n",
       " 4.728868190413138,\n",
       " 0.18139128806822313,\n",
       " 0.012254460106466206,\n",
       " 0.004788244935550852,\n",
       " 3.7026078885156966,\n",
       " 2.0824246745602215,\n",
       " 3.7292693371018415,\n",
       " 1.5106523796814013,\n",
       " 0.6281972483985314,\n",
       " 1.2105598375874882,\n",
       " 0.9428407529808736,\n",
       " 0.23851031732087888,\n",
       " 5.101799399257326,\n",
       " 0.14510526524416242,\n",
       " 0.11703380768886235,\n",
       " 1.8902386605900081,\n",
       " 0.1501749452999789,\n",
       " 0.1828525540160607,\n",
       " 3.199464636645625,\n",
       " 0.00020064447268827048,\n",
       " 3.46629248065346,\n",
       " 3.4538245619444,\n",
       " 3.6642591198650574,\n",
       " 3.4538245619444,\n",
       " 3.448429616458913,\n",
       " 1.5451521836874826,\n",
       " 0.6293597251028418,\n",
       " 0.2593167307177332,\n",
       " 1.262736157860455,\n",
       " 0.15496972353356522,\n",
       " 8.595359414863456,\n",
       " 6.580293263995879,\n",
       " 8.33154661274743,\n",
       " 5.782085545678691,\n",
       " 1.2953738435640856,\n",
       " 0.3179794055624653,\n",
       " 3.5280905030370406,\n",
       " 2.4386124519884436,\n",
       " 0.14188209433129573,\n",
       " 1.7127724167325264,\n",
       " 0.38437490441097727,\n",
       " 0.09898895928983037,\n",
       " 1.7885160454540114,\n",
       " 1.7399288670097244,\n",
       " 2.150830873865392,\n",
       " 2.872529956058774,\n",
       " 0.035612823885942564,\n",
       " 2.5986149971269423,\n",
       " 3.416307960271428,\n",
       " 0.6607937090129553,\n",
       " 0.7334573651419065,\n",
       " 1.2008414584338607,\n",
       " 1.1133070115595034,\n",
       " 0.05941022954758608,\n",
       " 0.7479845531172055,\n",
       " 1.5728215388656615,\n",
       " 0.8447886395740865,\n",
       " 2.1064657320592515,\n",
       " 1.0572850074738747,\n",
       " 0.006742734151875207,\n",
       " 0.6676248637257989,\n",
       " 0.04818604239560262,\n",
       " 0.06254669243644803,\n",
       " 0.5440012512927925,\n",
       " 6.786487529096803,\n",
       " 1.5807329103653203,\n",
       " 2.3484763084598663,\n",
       " 8.29972651345782,\n",
       " 0.015028415684277551,\n",
       " 2.3660341782031113,\n",
       " 2.369995058164693,\n",
       " 0.6310067028826621,\n",
       " 0.6791800618973354,\n",
       " 0.3352890466228227,\n",
       " 0.005727367971636997,\n",
       " 0.8361766410938986,\n",
       " 0.7352242143568128,\n",
       " 0.06593663522476226,\n",
       " 1.3426731783383234,\n",
       " 1.103150204659274,\n",
       " 0.14123400792982188,\n",
       " 7.019036268838377,\n",
       " 0.07260002772115559,\n",
       " 0.008837933763224882,\n",
       " 0.11822125605924891,\n",
       " 1.4419667338258513,\n",
       " 2.148270770986737,\n",
       " 0.5691072889611352,\n",
       " 0.001303313655810315,\n",
       " 1.4411600727287868,\n",
       " 0.5159165545692111,\n",
       " 0.11984991353678459,\n",
       " 3.1910508572486096,\n",
       " 0.5322954402726686,\n",
       " 4.482114767124044,\n",
       " 0.039195308310804415,\n",
       " 1.0306790120850413,\n",
       " 6.338539335832114,\n",
       " 1.5116650323440857,\n",
       " 0.6153146797184456,\n",
       " 0.017225331056478905,\n",
       " 0.8204943862730361,\n",
       " 0.40602935878014673,\n",
       " 0.982609207401102,\n",
       " 0.21631187640442195,\n",
       " 0.02009152737000165,\n",
       " 8.18478390607166,\n",
       " 2.002104237498344,\n",
       " 0.11156565562707657,\n",
       " 0.14161709087094396,\n",
       " 1.6257692329992008,\n",
       " 1.4350280276578617,\n",
       " 0.3773909951335851,\n",
       " 1.2119606084138115,\n",
       " 0.0033941957888738447,\n",
       " 0.205084625149738,\n",
       " 0.006711689438444115,\n",
       " 1.069753749807552,\n",
       " 0.40285263754059236,\n",
       " 0.22871825208912577,\n",
       " 0.0807645594504429,\n",
       " 0.12224858167893082,\n",
       " 0.22268646858145358,\n",
       " 0.7626231347407384,\n",
       " 0.05119769952251949,\n",
       " 9.054551865235299,\n",
       " 1.7911696835689281,\n",
       " 0.7055090154855026,\n",
       " 1.578172462570874,\n",
       " 0.06636194210586548,\n",
       " 1.316012251172951,\n",
       " 2.761829512413268,\n",
       " 0.027400999897028117,\n",
       " 0.020929155986646075,\n",
       " 2.22459573767775,\n",
       " 2.2909056761518443,\n",
       " 0.38962057420019924,\n",
       " 0.8373520842901931,\n",
       " 0.4383592580613576,\n",
       " 0.41375975321827985,\n",
       " 3.8317279218022002,\n",
       " 0.10498977089508416,\n",
       " 0.054202008156220956,\n",
       " 0.7406409344445424,\n",
       " 1.0137517492711894,\n",
       " 0.637590907734745,\n",
       " 1.1216887011132144,\n",
       " 1.5701895307706621,\n",
       " 0.21449861383507685,\n",
       " 0.12035750437311947,\n",
       " 0.7761514320262817,\n",
       " 0.439872193032974,\n",
       " 0.0036924215940596933,\n",
       " 0.03427416860334843,\n",
       " 0.3412336236330347,\n",
       " 0.5512571406183244,\n",
       " 0.16957232519604326,\n",
       " 0.20944105132375368,\n",
       " 0.023761718754072046,\n",
       " 0.08329860562972122,\n",
       " 0.0038667997253320884,\n",
       " 0.5830095709512916,\n",
       " 0.46664161853952657,\n",
       " 3.8348767760323526,\n",
       " 0.011052352571199693,\n",
       " 0.01910681581828021,\n",
       " 0.0014639808128615345,\n",
       " 0.3315909068776556,\n",
       " 2.866724250117375,\n",
       " 1.0547945324884727,\n",
       " 0.2788126739992675,\n",
       " 0.10649947447527097,\n",
       " 0.0007805600719648709,\n",
       " 1.8028631138650082,\n",
       " 0.025138851630518908,\n",
       " 1.4822769950603327,\n",
       " 0.7129151531338797,\n",
       " 1.7373777408531281,\n",
       " 5.5177241096403025,\n",
       " 0.4639196835272418,\n",
       " 0.09404394190460352,\n",
       " 0.28330125306128756,\n",
       " 0.45546868868718104,\n",
       " 0.8867263788359196,\n",
       " 0.06802282108161682,\n",
       " 0.12063955170501374,\n",
       " 0.013112124511766028,\n",
       " 3.67234878913025,\n",
       " 0.5425857119859078,\n",
       " 1.0998160697634118,\n",
       " 2.4775020453836523,\n",
       " 0.9039788812020388,\n",
       " 0.13580420616624642,\n",
       " 0.22057165181394447,\n",
       " 1.8325559419601762,\n",
       " 0.011442938332840673,\n",
       " 0.48828229594496503,\n",
       " 0.7237324883678379,\n",
       " 0.11695725603002717,\n",
       " 2.068826848886677,\n",
       " 0.33676891923810187,\n",
       " 0.0377665685537689,\n",
       " 0.4413855268136631,\n",
       " 0.16049671405674487,\n",
       " 0.14040977690873988,\n",
       " 0.09205870680177719,\n",
       " 1.7418563990362486,\n",
       " 0.00016246189745434438,\n",
       " 1.2205555892415942,\n",
       " 0.8243224438450941,\n",
       " 2.154131009162346,\n",
       " 0.21695996917665644,\n",
       " 0.5847702191405896,\n",
       " 1.5750835104930776,\n",
       " 0.16006702632578906,\n",
       " 1.0468196333804303,\n",
       " 0.17442707532186635,\n",
       " 0.5106025319936474,\n",
       " 0.17444402456057798,\n",
       " 0.061192317397388146,\n",
       " 1.0552271950159777,\n",
       " 0.0019587454312492603,\n",
       " 1.7051393022197243,\n",
       " 0.46893018266439646,\n",
       " 0.024926256980145497,\n",
       " 0.08912833342344834,\n",
       " 0.003784108447488921,\n",
       " 0.7016287172494513,\n",
       " 0.36293085766041777,\n",
       " 0.534506884991406,\n",
       " 0.07205077009730311,\n",
       " 0.10300780605309909,\n",
       " 0.005960280242285259,\n",
       " 0.3968084767499961,\n",
       " 0.3328491292646818,\n",
       " 4.352200224150408e-05,\n",
       " 2.9106076993414227,\n",
       " 0.012441640235620543,\n",
       " 0.22449217565533625,\n",
       " 0.62076491743371,\n",
       " 0.0032025580623594838,\n",
